3300034141
3300036666
3300034220
3300034251
3300034137
3300034032
3300036667
3300034132
3300033988
3300036665
3300034135
3300034133
3300034377
3300034376
3300034172
3300034025
3300034007
3300037503
3300034221
3300034144
3300033989
3300034002
3300034026
3300034173
3300034005
3300034027
3300034175
3300034003
3300034138
3300034687
3300034134
3300034009
3300034030
3300034760
3300034001
3300034392
3300034029
3300035156
3300034402
3300034393
3300034139
3300034000
3300034004
3300034031
3300034008
3300034142
3300034174
3300034131
3300034146
3300034143
3300034024
3300034028
3300034779
3300034236
3300034145
3300034391
2029527002
2035918005
2032320003
2119805009
3300000436
3300000833
3300000750
3300000827
3300000829
3300000828
2209111000
3300005506
3300003722
3300003727
3300040590
3300040637
3300040657
3300039600
3300040647
3300039892
3300040402
3300040280
3300040265
3300040186
3300040043
3300039775
3300018915
3300018931
3300018917
3300018946
3300018939
3300018757
3300018839
3300019135
3300018892
3300019132
3300018719
3300019124
3300018910
3300018914
3300018918
3300018891
3300018906
3300019142
3300018984
3300018877
3300018933
3300018875
3300018866
3300018890
3300018894
3300005797
3300002156
3300002157
3300002081
3300002084
3300002083
3300002082
3300002080
2119805012
2119805011
3300003726
3300040314
3300040511
3300040611
3300040345
3300040317
3300040696
3300026148
3300026128
3300028229
3300026170
3300026174
3300028230
3300026147
3300026129
3300026169
3300029061
3300026151
3300026146
3300029062
3300026150
3300029063
3300026171
